world_size: 200  # km
mountain_heights: 0.2  # 0..1
river_scale: 500.0  # 0..1000

# relative position x,y
centroids: [[  0.,200.], [200.,0.], [200.,200.], [0.,0.], [  0.,100.], [100.,0.], [100.,200.], [200.,100.],[164.74,24.057], [132.11,108.13], [ 94.64,68.81], [174.39,116.60],[ 66.48,139.19]]

# (-1 to 1) of tectonic plates
heights_tectonic_plates: [-1.0, -1.0, -1.0, -1.0, -1.0, -1.0, -1.0, -1.0, 0.910, 0.3669, -0.2849, 0.1799, -0.0072]

# km across world size
slopes_x: [0.0, 0.0, 0.0, 0.0, 0.0, 0.0, 0.0, 0.0, 0.00012520768482771988, -0.04589131747283381, -0.05747771899485032, -0.0048709045296827305, 0.1945813951299848, 0.009591479645137754, 0.07784594647347937, -0.19833828297402367, -0.3226533943341106, 0.009203612138505247, 0.010390923246910305, 0.3591457980413483, 0.07334470808660619, -0.035905545241556265, 0.5149518929527775]

# km across world size
slopes_y: [0.0, 0.0, 0.0, 0.0, 0.0, 0.0, 0.0, 0.0, -0.0010749635471445328, 0.11582010969243241, 0.004967848876591894, -0.0018733165776918777, 0.36790066708611946, -0.025699589991872447, 0.24574489167654395, -0.07248055078094687, 0.12636520911927776, -0.03862422395213685, 0.024054570230562684, -0.08399061029282427, 0.16774031622725594, -0.09154588183084517, -0.19290216300982607]
river_density: 10  # major branching points per world size in Dendry noise
