world_size: 200  # km
mountain_heights: 0.2  # 0..1
river_scale: 500.0  # 0..1000

# relative position x,y
centroids: [[0.0, 1.0], [1.0, 0.0], [1.0, 1.0], [0.0, 0.0], [0.0, 0.5], [0.5, 0.0], [0.5, 1.0], [1.0, 0.5], [0.5428745525574409, 0.7084868007593758], [0.8983482487115044, 0.67051060587073], [0.29079926605963635, 0.35782472180169167], [0.2066338443599134, 0.6467825868995594], [0.8268097341662661, 0.7039390394225804], [0.5201729312077572, 0.2650375089745549], [0.21836197915522326, 0.05020287352748854], [0.819381602328662, 0.6803043198850648], [0.9360070044307666, 0.5804247368009552], [0.9943707717980178, 0.015364479891923466], [0.9845517765167776, 0.9499312153311357], [0.34677540895711756, 0.07915201276648176], [0.8072946727269736, 0.3503015747892495], [0.6713039996661831, 0.6856928216077429], [0.48364071043773904, 0.4394652912100391]]

# (-1 to 1) of tectonic plates
heights_tectonic_plates: [-1.0, -1.0, -1.0, -1.0, -1.0, -1.0, -1.0, -1.0, 0.676936147367664, 0.23700917414196754, 0.5688309261119127, -0.2286343424824866, -0.10136535909939959, 0.5209388365779088, -0.7529255410700949, -0.5536206774001744, 0.07126529515225744, -0.9228638983710828, -0.7614227141274141, -0.08968440670144073, 0.3962908336356006, -0.8203634958138505, 0.8408682764687321]

# km across world size
slopes_x: [0.0, 0.0, 0.0, 0.0, 0.0, 0.0, 0.0, 0.0, 0.00012520768482771988, -0.04589131747283381, -0.05747771899485032, -0.0048709045296827305, 0.1945813951299848, 0.009591479645137754, 0.07784594647347937, -0.19833828297402367, -0.3226533943341106, 0.009203612138505247, 0.010390923246910305, 0.3591457980413483, 0.07334470808660619, -0.035905545241556265, 0.5149518929527775]

# km across world size
slopes_y: [0.0, 0.0, 0.0, 0.0, 0.0, 0.0, 0.0, 0.0, -0.0010749635471445328, 0.11582010969243241, 0.004967848876591894, -0.0018733165776918777, 0.36790066708611946, -0.025699589991872447, 0.24574489167654395, -0.07248055078094687, 0.12636520911927776, -0.03862422395213685, 0.024054570230562684, -0.08399061029282427, 0.16774031622725594, -0.09154588183084517, -0.19290216300982607]
river_density: 10  # major branching points per world size in Dendry noise
